22    98    47    56
72    100   49    54
128   99    47    55
181   99    46    56
238   100   51    55
299   99    47    56

55    358   51    44
119   358   39    44
171   359   43    43
227   361   45    43
287   360   42    44
339   361   43    43
55    358   51    44
119   358   39    44
171   359   43    43
227   361   45    43
287   360   42    44

56    473   39    58
153   473   38    58

220   475   35    54
321   470   37    55


64    2143  51    51
129   2139  51    51
198   2116  54    58
283   2126  91    49
388   2142  81    48
388   2142  81    48

237   2639  67    44

248   1833  32    54
289   1833  34    54
329   1836  47    51
380   1836  44    51
380   1836  44    51

76 621 45 54
125 623 45 53
203 619 47 49
256 636 61 32
321 642 62 33
388 654 67 29