22    98    47    56
72    100   49    54
128   99    47    55
181   99    46    56
238   100   51    55
299   99    47    56

55    358   51    44
119   358   39    44
171   359   43    43
227   361   45    43
287   360   42    44
339   361   43    43
55    358   51    44
119   358   39    44
171   359   43    43
227   361   45    43
287   360   42    44

56    473   39    58
153   473   38    58

220   475   35    54
321   470   37    55


64    2143  51    51
129   2139  51    51
198   2116  54    58
283   2126  91    49
388   2142  81    48
