8    210    44    57
62   209    44    58
117  211    44    57
171  212    44    56

238  218    42    48
294  217    42    49
351  217    42    50
407  217    42    49

9    376    53    36
68   375    49    41
127  377    42    39
180  377    42    39
227  380    53    36
287  379    49    41
346  381    42    39
399  381    42    39

12   735    50    47
69   737    46    45
122  725    45    57
174  730    51    52
232  712    38    70
277  717    71    65
353  744    68    40
436  740    50    42
